0 0 0.977167 4.71581 4.71581 0
0.00502513 0 1.07007 6.4988 6.67246 0
0.0100503 0 1.00784 6.39218 7.23656 0
0.0150754 0 0.811657 4.7189 6.40809 0
0.0201005 0 0.542626 2.31208 4.18706 0
0.0251256 0 0.279302 0.0931742 0.573479 0
0.0301508 0 0.0933203 -1.3237 -0.00148862 -1.01478
0.0351759 0 0.030543 -1.8126 -0.00200532 -1.13578
0.040201 0 0.101982 -1.64963 -0.00239735 -1.03765
0.0452261 0 0.285223 -1.25648 -0.00266471 -0.720401
0.0502513 0 0.534072 -0.946355 -0.00280741 -0.184027
0.0552764 0 0.79249 -0.811612 -0.00282543 0.463966
0.0603015 0 1.00862 -0.782614 -0.00283646 0.9125
0.0653266 0 1.14555 -0.775162 -0.00297206 1.14191
0.0703518 0 1.18707 -0.799904 -0.00323232 1.1522
0.0753769 0 1.13804 -0.9526 -0.00361726 0.943358
0.080402 0 1.0204 -1.30162 -0.0040916 0.515396
0.0854271 0 0.866583 -1.76931 -0.0044686 -0.100415
0.0904523 0 0.712061 -2.11243 -0.00472092 -0.581934
0.0954774 0 0.588708 -2.03802 -0.00484858 -0.84433
0.100503 0 0.52001 -1.39311 -0.00485156 -0.887601
0.105528 0 0.518574 -0.304657 -0.00472988 -0.711749
0.110553 0 0.585875 0.833515 -0.00448353 -0.316773
0.115578 0 0.71377 1.54002 0.208004 0
0.120603 0 0.88716 1.49835 1.16559 0
0.125628 0 1.08711 0.736797 0.730618 0
0.130653 0 1.29386 -0.374555 -0.00384135 1.15738
0.135678 0 1.48933 -1.31508 -0.00398674 1.00994
0.140704 0 1.65887 -1.68804 -0.00423768 0.643379
0.145729 0 1.79223 -1.42331 -0.00441007 0.156743
0.150754 0 1.88377 -0.795591 -0.00445779 -0.134295
0.155779 0 1.93216 -0.253067 -0.00438084 -0.20621
0.160804 0 1.9396 -0.160252 -0.00417923 -0.0590006
0.165829 0 1.91092 -0.603536 -0.00385294 0.307333
0.170854 0 1.85259 -1.36489 -0.00340198 0.872435
0.175879 0 1.77181 -2.06669 -0.00291552 1.32432
0.180905 0 1.67575 -2.3923 -0.00255076 1.55709
0.18593 0 1.57102 -2.25102 -0.00178752 1.57073
0.190955 0 1.46325 -1.79918 -0.00135644 1.36524
0.19598 0 1.35693 -1.32133 -0.00146128 0.940636
0.201005 0 1.25535 -1.05667 -0.00209244 0.310275
0.20603 0 1.16066 -1.07858 -0.00240314 -0.225203
0.211055 0 1.07402 -1.2906 -0.00235081 -0.541556
0.21608 0 0.995755 -1.52264 -0.0019765 -0.638786
0.221106 0 0.925564 -1.65141 -0.000866015 -0.516892
0.226131 0 0.862707 -1.66336 0.000780382 0
0.231156 0 0.806167 -1.62676 0.00265265 0
0.236181 0 0.754796 -1.60591 0.00401971 0
0.241206 0 0.707428 -1.58829 0.00485086 0
0.246231 0 0.662959 -1.48143 0.00516782 0
0.251256 0 0.620409 -1.18281 0.00500323 0
0.256281 0 0.578956 -0.670963 0.00451566 0
0.261307 0 0.537954 -0.0493828 0.00442176 0
0.266332 0 0.496934 0.493136 0.00480908 0
0.271357 0 0.455602 0.78339 0.00567763 0
0.276382 0 0.413826 0.759418 0.00824871 0
0.281407 0 0.371622 0.496354 0.0116763 0
0.286432 0 0.329141 0.14512 0.144718 0
0.291457 0 0.286654 -0.172986 0.0154228 0
0.296482 0 0.244548 -0.441181 0.0157838 0
0.301508 0 0.203315 -0.737379 0.0157965 0
0.306533 0 0.163551 -1.14535 0.0167737 0
0.311558 0 0.125961 -1.65124 0.0187522 0
0.316583 0 0.0913599 -2.10599 0.0217322 0
0.321608 0 0.0606802 -2.29319 0.0250431 0
0.326633 0 0.0349774 -2.06944 0.0273855 0
0.331658 0 0.0154327 -1.48729 0.0287006 0
0.336683 0 0.00335053 -0.811576 0.0288698 0
0.341709 0 0.000144985 -0.400845 0.0278788 0
0.346734 0 0.0073137 -0.512429 0.0257274 0
0.351759 0 0.0263925 -1.14507 0.0224158 0
0.356784 0 0.0588877 -2.01935 0.0189175 0
0.361809 0 0.106182 -2.71738 0.0165713 0
0.366834 0 0.169411 -2.90606 0.0153855 0
0.371859 0 0.249315 -2.51436 0.0153599 0
0.376884 0 0.346062 -1.7595 0.0164947 0
0.38191 0 0.459059 -1.00793 0.0187898 0
0.386935 0 0.586762 -0.557993 0.0222451 0
0.39196 0 0.726506 -0.479118 0.0268608 0
0.396985 0 0.874387 -0.605085 0.032146 0
0.40201 0 1.02523 -0.679696 0.0364127 0
0.407035 0 1.17265 -0.553949 0.0395191 0
0.41206 0 1.30933 -0.299732 0.0414653 0
0.417085 0 1.42742 -0.159715 0.0422511 0
0.422111 0 1.51913 -0.363351 0.0418766 0
0.427136 0 1.57758 -0.933698 0.0403418 0
0.432161 0 1.59773 -1.62515 0.0376467 0
0.437186 0 1.57731 -2.05324 0.0337914 0
0.442211 0 1.51783 -1.95062 0.0295299 0
0.447236 0 1.42514 -1.3886 0.0263852 0
0.452261 0 1.30975 -0.806334 0.0244009 0
0.457286 0 1.18638 -0.79622 0.0235768 0
0.462312 0 1.07284 -1.7449 0.023913 0
0.467337 0 0.988135 -3.53311 0.0254096 0
0.472362 0 0.949755 -5.48593 0.0280664 0
0.477387 0 0.970658 -6.63602 0.0318101 0
0.482412 0 1.05618 -6.18613 0.0350436 0
0.487437 0 1.2016 -3.93467 0.0371168 0
0.492462 0 1.39101 -0.433863 0.0380296 0
0.497487 0 1.59803 3.21528 3.21141 0
0.502513 0 1.78894 5.83555 5.77114 0
0.507538 0 1.92789 6.67752 6.93831 0
0.512563 0 1.98391 5.70677 6.71292 0
0.517588 0 1.93831 3.54633 5.09498 0
0.522613 0 1.79082 1.13008 2.08447 0
0.527638 0 1.56267 -0.735026 0.0180691 0
0.532663 0 1.29501 -1.67375 0.0161972 0
0.537688 0 1.0419 -1.78623 0.0154856 0
0.542714 0 0.85852 -1.45748 0.0159343 0
0.547739 0 0.786823 -1.08005 0.0175433 0
0.552764 0 0.842232 -0.859224 0.0203126 0
0.557789 0 1.00561 -0.790573 0.0231348 0
0.562814 0 1.22423 -0.778292 0.0247972 0
0.567839 0 1.42334 -0.778522 0.0252993 0
0.572864 0 1.52684 -0.853687 0.0246411 0
0.577889 0 1.48197 -1.10309 0.0228227 0
0.582915 0 1.28008 -1.5327 0.0198439 0
0.58794 0 0.965317 -1.97572 0.0157048 0
0.592965 0 0.625546 -2.14246 0.0104054 0
0.59799 0 0.365426 -1.78625 0.00415042 0
0.603015 0 0.268902 -0.884547 0.00155758 0
0.60804 0 0.364166 0.289194 0.00113724 0
0.613065 0 0.606154 1.26719 0.000886687 0
0.61809 0 0.887218 1.62003 0.000760804 0
0.623116 0 1.07635 1.19096 0.000759591 0
0.628141 0 1.07431 0.192651 0.000883047 0
0.633166 0 0.861912 -0.896963 0.00113117 0
0.638191 0 0.517361 -1.5858 0.00229511 0
0.643216 0 0.189072 -1.62506 0.00454414 0
0.648241 0 0.030173 -1.12792 0.00699622 0
0.653266 0 0.122097 -0.486003 0.00893644 0
0.658291 0 0.425679 -0.137268 0.0103407 0
0.663317 0 0.790384 -0.322385 0.0112091 0
0.668342 0 1.02552 -0.966859 0.0115416 0
0.673367 0 1.00261 -1.74696 0.0113382 0
0.678392 0 0.734226 -2.28853 0.0105988 0
0.683417 0 0.379208 -2.37519 0.00932352 0
0.688442 0 0.160405 -2.04709 0.00751232 0
0.693467 0 0.233545 -1.54559 0.00518058 0
0.698492 0 0.583671 -1.15322 0.00301501 0
0.703518 0 1.02016 -1.03463 0.00138535 0
0.708543 0 1.28706 -1.17126 0.00110946 0
0.713568 0 1.2293 -1.41409 0.00101337 0
0.718593 0 0.906932 -1.60345 0.00104196 0
0.723618 0 0.569776 -1.66876 0.00119521 0
0.728643 0 0.492819 -1.64592 0.00147314 0
0.733668 0 0.776489 -1.6129 0.00286165 0
0.738693 0 1.25795 -1.60115 0.00495568 0
0.743719 0 1.61532 -1.55333 0.00683362 0
0.748744 0 1.60642 -1.36023 0.00817565 0
0.753769 0 1.26664 -0.949956 0.00898175 0
0.758794 0 0.899833 -0.36307 0.00925194 0
0.763819 0 0.845412 0.244285 0.110525 0
0.768844 0 1.19414 0.67703 0.00818457 0
0.773869 0 1.6926 0.80886 0.00684701 0
0.778894 0 1.94167 0.648922 0.00497353 0
0.78392 0 1.74298 0.322274 0.0029238 0
0.788945 0 1.2924 -0.0219328 0.00238603 0
0.79397 0 1.02383 -0.309908 0.00225937 0
0.798995 0 1.2147 -0.579329 0.00225737 0
0.80402 0 1.7092 -0.925039 0.00238005 0
0.809045 0 2.04348 -1.39248 0.0026274 0
0.81407 0 1.8884 -1.89843 0.00628866 0
0.819095 0 1.39102 -2.24549 0.0109084 0
0.824121 0 1.05169 -2.23487 0.0144198 0
0.829146 0 1.22056 -1.8108 0.016771 0
0.834171 0 1.7157 -1.13875 0.0179618 0
0.839196 0 1.98966 -0.552303 0.0179923 0
0.844221 0 1.71195 -0.384302 0.0168625 0
0.849246 0 1.15149 -0.775509 0.0145724 0
0.854271 0 0.904295 -1.57738 0.0111783 0
0.859296 0 1.22284 -2.41583 0.00823906 0
0.864322 0 1.70145 -2.88717 0.0064601 0
0.869347 0 1.72537 -2.775 0.00584145 0
0.874372 0 1.20465 -2.16044 0.00638311 0
0.879397 0 0.712641 -1.36058 0.00808506 0
0.884422 0 0.80509 -0.7346 0.0109473 0
0.889447 0 1.31592 -0.478164 0.0149699 0
0.894472 0 1.53517 -0.532801 0.0201527 0
0.899497 0 1.10866 -0.662674 0.0258481 0
0.904523 0 0.524742 -0.64282 0.0304572 0
0.909548 0 0.500143 -0.429999 0.0339061 0
0.914573 0 1.01601 -0.198199 0.0361947 0
0.919598 0 1.30995 -0.210652 0.0373229 0
0.924623 0 0.909005 -0.612345 0.0372909 0
0.929648 0 0.314462 -1.28777 0.0360985 0
0.934673 0 0.325813 -1.89478 0.0337459 0
0.939698 0 0.889646 -2.07331 0.0302352 0
0.944724 0 1.14133 -1.7068 0.0268245 0
0.949749 0 0.663568 -1.06262 0.0245742 0
0.954774 0 0.138452 -0.696414 0.0234842 0
0.959799 0 0.347544 -1.14416 0.0235545 0
0.964824 0 0.961305 -2.56487 0.0247851 0
0.969849 0 1.01197 -4.5475 0.0271759 0
0.974874 0 0.410032 -6.22095 0.0307271 0
0.979899 0 0.12421 -6.64122 0.0348081 0
0.984925 0 0.6414 -5.26809 0.037809 0
0.98995 0 1.14265 -2.27977 0.0396495 0
0.994975 0 0.822172 1.45038 1.3666 0
1 0 0.251594 4.71581 4.71581 0
