0 0 0 1.06 1.06 0
0.00502513 0 0.00502513 1.03355 1.03114 0
0.0100503 0 0.0100503 1.00833 0.99872 0
0.0150754 0 0.0150754 0.984327 0.964457 0
0.0201005 0 0.0201005 0.961497 0.933414 0
0.0251256 0 0.0251256 0.939809 0.905925 0
0.0301508 0 0.0301508 0.919232 0.881991 0
0.0351759 0 0.0351759 0.899733 0.861611 0
0.040201 0 0.040201 0.881282 0.844786 0
0.0452261 0 0.0452261 0.863848 0.831515 0
0.0502513 0 0.0502513 0.847401 0.821799 0
0.0552764 0 0.0552764 0.831909 0.815637 0
0.0603015 0 0.0603015 0.817343 0.810782 0
0.0653266 0 0.0653266 0.803675 0.802521 0
0.0703518 0 0.0703518 0.790874 0.790706 0
0.0753769 0 0.0753769 0.778913 0.775336 0
0.080402 0 0.080402 0.767762 0.756412 0
0.0854271 0 0.0854271 0.757394 0.735137 0
0.0904523 0 0.0904523 0.747781 0.716795 0
0.0954774 0 0.0954774 0.738896 0.702008 0
0.100503 0 0.100503 0.730712 0.690775 0
0.105528 0 0.105528 0.723203 0.683097 0
0.110553 0 0.110553 0.716343 0.678973 0
0.115578 0 0.115578 0.710105 0.678403 0
0.120603 0 0.120603 0.704465 0.681389 0
0.125628 0 0.125628 0.699397 0.687234 0
0.130653 0 0.130653 0.694877 0.690632 0
0.135678 0 0.135678 0.69088 0.690476 0
0.140704 0 0.140704 0.687383 0.691543 0
0.145729 0 0.145729 0.684361 0.691227 0
0.150754 0 0.150754 0.681793 0.68727 0
0.155779 0 0.155779 0.679654 0.679673 0
0.160804 0 0.160804 0.677923 0.669438 0
0.165829 0 0.165829 0.676577 0.662019 0
0.170854 0 0.170854 0.675595 0.658241 0
0.175879 0 0.175879 0.674956 0.658103 0
0.180905 0 0.180905 0.674637 0.661606 0
0.18593 0 0.18593 0.67462 0.668749 0
0.190955 0 0.190955 0.674883 0.677653 0
0.19598 0 0.19598 0.675407 0.683205 0
0.201005 0 0.201005 0.676171 0.685116 0
0.20603 0 0.20603 0.677158 0.683388 0
0.211055 0 0.211055 0.678348 0.678019 0
0.21608 0 0.21608 0.679723 0.673458 0
0.221106 0 0.221106 0.681264 0.666303 0
0.226131 0 0.226131 0.682955 0.656666 0
0.231156 0 0.231156 0.684777 0.649861 0
0.236181 0 0.236181 0.686715 0.646611 0
0.241206 0 0.241206 0.68875 0.646915 0
0.246231 0 0.246231 0.690868 0.650774 0
0.251256 0 0.251256 0.693051 0.658188 0
0.256281 0 0.256281 0.695286 0.669155 0
0.261307 0 0.261307 0.697556 0.682699 0
0.266332 0 0.266332 0.699847 0.693492 0
0.271357 0 0.271357 0.702144 0.700731 0
0.276382 0 0.276382 0.704434 0.704415 0
0.281407 0 0.281407 0.706703 0.704544 0
0.286432 0 0.286432 0.708938 0.701119 0
0.291457 0 0.291457 0.711125 0.694139 0
0.296482 0 0.296482 0.713253 0.683605 0
0.301508 0 0.301508 0.715308 0.671697 0
0.306533 0 0.306533 0.71728 0.663176 0
0.311558 0 0.311558 0.719157 0.658209 0
0.316583 0 0.316583 0.720927 0.656797 0
0.321608 0 0.321608 0.72258 0.65894 0
0.326633 0 0.326633 0.724106 0.664637 0
0.331658 0 0.331658 0.725495 0.673888 0
0.336683 0 0.336683 0.726737 0.686694 0
0.341709 0 0.341709 0.727823 0.701976 0
0.346734 0 0.346734 0.728744 0.714419 0
0.351759 0 0.351759 0.729491 0.723308 0
0.356784 0 0.356784 0.730057 0.728643 0
0.361809 0 0.361809 0.730434 0.730423 0
0.366834 0 0.366834 0.730614 0.728648 0
0.371859 0 0.371859 0.73059 0.723319 0
0.376884 0 0.376884 0.730356 0.714436 0
0.38191 0 0.38191 0.729905 0.701998 0
0.386935 0 0.386935 0.729232 0.687156 0
0.39196 0 0.39196 0.72833 0.675209 0
0.396985 0 0.396985 0.727195 0.666817 0
0.40201 0 0.40201 0.725822 0.661978 0
0.407035 0 0.407035 0.724206 0.660695 0
0.41206 0 0.41206 0.722344 0.662966 0
0.417085 0 0.417085 0.720231 0.668791 0
0.422111 0 0.422111 0.717864 0.678171 0
0.427136 0 0.427136 0.715241 0.689686 0
0.432161 0 0.432161 0.712358 0.698128 0
0.437186 0 0.437186 0.709214 0.703016 0
0.442211 0 0.442211 0.705806 0.704349 0
0.447236 0 0.447236 0.702133 0.702128 0
0.452261 0 0.452261 0.698194 0.696352 0
0.457286 0 0.457286 0.693989 0.687022 0
0.462312 0 0.462312 0.689515 0.674137 0
0.467337 0 0.467337 0.684775 0.657697 0
0.472362 0 0.472362 0.679767 0.637703 0
0.477387 0 0.477387 0.674493 0.616777 0
0.482412 0 0.482412 0.668953 0.599335 0
0.487437 0 0.487437 0.66315 0.585447 0
0.492462 0 0.492462 0.657085 0.575114 0
0.497487 0 0.497487 0.650759 0.568335 0
0.502513 0 0.502513 0.644177 0.56511 0
0.507538 0 0.507538 0.637339 0.565441 0
0.512563 0 0.512563 0.630251 0.569325 0
0.517588 0 0.517588 0.622914 0.576764 0
0.522613 0 0.522613 0.615335 0.584991 0
0.527638 0 0.527638 0.607515 0.589713 0
0.532663 0 0.532663 0.599462 0.59088 0
0.537688 0 0.537688 0.591178 0.588492 0
0.542714 0 0.542714 0.582671 0.58255 0
0.547739 0 0.547739 0.573946 0.573054 0
0.552764 0 0.552764 0.565009 0.560003 0
0.557789 0 0.557789 0.555866 0.543398 0
0.562814 0 0.562814 0.546525 0.523238 0
0.567839 0 0.567839 0.536992 0.502033 0
0.572864 0 0.572864 0.527277 0.484291 0
0.577889 0 0.577889 0.517385 0.470104 0
0.582915 0 0.582915 0.507327 0.459472 0
0.58794 0 0.58794 0.49711 0.452393 0
0.592965 0 0.592965 0.486745 0.44887 0
0.59799 0 0.59799 0.476239 0.448901 0
0.603015 0 0.603015 0.465604 0.450165 0
0.60804 0 0.60804 0.454849 0.448006 0
0.613065 0 0.613065 0.443985 0.442292 0
0.61809 0 0.61809 0.433024 0.433024 0
0.623116 0 0.623116 0.421976 0.420201 0
0.628141 0 0.628141 0.410852 0.403823 0
0.633166 0 0.633166 0.399666 0.383891 0
0.638191 0 0.638191 0.38843 0.360405 0
0.643216 0 0.643216 0.377156 0.335452 0
0.648241 0 0.648241 0.365858 0.31386 0
0.653266 0 0.653266 0.354548 0.295822 0
0.658291 0 0.658291 0.343242 0.281338 0
0.663317 0 0.663317 0.331953 0.270409 0
0.668342 0 0.668342 0.320697 0.263035 0
0.673367 0 0.673367 0.309487 0.259215 0
0.678392 0 0.678392 0.298339 0.258949 0
0.683417 0 0.683417 0.28727 0.261824 0
0.688442 0 0.688442 0.276295 0.262687 0
0.693467 0 0.693467 0.26543 0.259996 0
0.698492 0 0.698492 0.254694 0.25375 0
0.703518 0 0.703518 0.244102 0.244027 0
0.708543 0 0.708543 0.233672 0.233547 0
0.713568 0 0.713568 0.223423 0.234656 0
0.718593 0 0.718593 0.213372 0.249353 0
0.723618 0 0.723618 0.203539 0.260495 0
0.728643 0 0.728643 0.193942 0.277334 0
0.733668 0 0.733668 0.1846 0.300585 0
0.738693 0 0.738693 0.175535 0.330249 0
0.743719 0 0.743719 0.166765 0.361579 0
0.748744 0 0.748744 0.158312 0.386379 0
0.753769 0 0.753769 0.150195 0.402807 0
0.758794 0 0.758794 0.142437 0.41053 0
0.763819 0 0.763819 0.135059 0.409548 0
0.768844 0 0.768844 0.128083 0.399861 0
0.773869 0 0.773869 0.121532 0.381469 0
0.778894 0 0.778894 0.115428 0.361944 0
0.78392 0 0.78392 0.109794 0.351084 0
0.788945 0 0.788945 0.104653 0.34893 0
0.79397 0 0.79397 0.10003 0.355481 0
0.798995 0 0.798995 0.0959491 0.370738 0
0.80402 0 0.80402 0.0924342 0.394699 0
0.809045 0 0.809045 0.0895104 0.427366 0
0.81407 0 0.81407 0.0872032 0.468737 0
0.819095 0 0.819095 0.0855381 0.518814 0
0.824121 0 0.824121 0.0845413 0.577597 0
0.829146 0 0.829146 0.084239 0.645084 0
0.834171 0 0.834171 0.0846581 0.721276 0
0.839196 0 0.839196 0.0858257 0.806174 0
0.844221 0 0.844221 0.0877693 0.899777 0
0.849246 0 0.849246 0.0905168 0.998844 0
0.854271 0 0.854271 0.0940964 1.09053 0
0.859296 0 0.859296 0.0985367 1.17351 0
0.864322 0 0.864322 0.103867 1.24778 0
0.869347 0 0.869347 0.110116 1.31335 0
0.874372 0 0.874372 0.117313 1.37021 0
0.879397 0 0.879397 0.12549 1.41837 0
0.884422 0 0.884422 0.134676 1.45783 0
0.889447 0 0.889447 0.144901 1.48857 0
0.894472 0 0.894472 0.156198 1.51062 0
0.899497 0 0.899497 0.168598 1.52395 0
0.904523 0 0.904523 0.182133 1.53654 0
0.909548 0 0.909548 0.196834 1.55781 0
0.914573 0 0.914573 0.212735 1.58779 0
0.919598 0 0.919598 0.229869 1.62647 0
0.924623 0 0.924623 0.248268 1.67386 0
0.929648 0 0.929648 0.267967 1.72995 0
0.934673 0 0.934673 0.289 1.79475 0
0.939698 0 0.939698 0.311402 1.86825 0
0.944724 0 0.944724 0.335206 1.95046 0
0.949749 0 0.949749 0.360449 2.04137 0
0.954774 0 0.954774 0.387166 2.14099 0
0.959799 0 0.959799 0.415393 2.24931 0
0.964824 0 0.964824 0.445166 2.36634 0
0.969849 0 0.969849 0.476522 2.49207 0
0.974874 0 0.974874 0.509498 2.62636 0
0.979899 0 0.979899 0.544132 2.7585 0
0.984925 0 0.984925 0.58046 2.88193 0
0.98995 0 0.98995 0.618522 2.99666 0
0.994975 0 0.994975 0.658356 3.10268 0
1 0 1 0.7 3.2 0
